list(y = c(5, 2, 0, 0, 2, 1, 0, 0, 0, 0, 13, 0), 
     t = c(11, 11, 17, 22, 9, 6, 5, 14, 9, 7, 22, 51),
     N = 12)
